12639
18465
17700
14916
14960
13860
8521
16482
12374
17739
15733
14449
14687
14932
18231
12324
16747
18212
17720
17714
14685
14435
13114
14463
24017
16984
18468
8511
14688
17705
24261
14708
16440
12663
16728
8559
15686
15722
24834
12360
18294
15161
14382
18267
17983
17718
12363
24264
15662
15736
25604
15410
24732
13094
17207
18237
12591
17497
14171
15942
13383
14907
18234
13906
14927
14157
12647
13869
23617
12603
12835
12613
15671
13416
14715
12321
18249
15948
17717
15654
15929
12400
13675
12602
16467
15972
17711
14440
17723
8512
17732
13121
12875
16995
15701
14905
25963
17956
12888
24011
16226
26126
16244
15149
15439
14667
24330
14179
14403
14142
14692
12350
21609
18273
25522
14439
13148
23689
15717
13166
14885
12580
15922
12645
16172
15962
14705
23634
16465
23206
12649
14674
23610
23532
15941
12368
12896
15416
15691
12380
12399
17991
24823
14187
12615
14689
18038
15468
12348
14379
13409
16959
17009
13639
24832
17725
16475
8513
12621
17703
13100
14133
13881
13364
18044
16504
14661
15229
17744
12886
24709
15143
24327
12390
14942
25896
15431
14404
15405
25916
8535
14406
25947
12383
25177
14642
24701
26234
17781
17493
13866
15714
25129
12865
24825
17254
17758
12658
